parameters {
  c1: 0.126153335
  c2: -0.0698472038
  c3: -0.357683301
  c4: -0.390919209
  c5: -0.550335
  c6: 0.150685802
  c7: 0.156026348
  c8: -0.157689154
  c9: -0.432174116
  c10: -0.411633641
  c11: -0.439154178
  c12: -0.525114715
  c13: 0.463966757
  c14: -0.0389941745
  c15: 0.162739605
  c16: 0.330801845
  c17: 1.39085722
  c18: 0.117988899
  c19: 0.371338218
  c20: 0.287937611
  c21: 0.35002026
  c22: 0.591072261
  c23: 0.305428
  c24: 0.227057561
  c25: -0.199926242
  c26: -0.0634607673
  c27: 0.858204961
  cs: -0.34124279
  h1: 0.152738824
  h2: -0.219612315
  h3: -0.153488457
  h4: -0.440003633
  hs: 0.924438357
  n1: -0.398755401
  n2: -0.0185747929
  n3: -0.388584971
  n4: -0.186705351
  n5: 0.300515503
  n6: 0.26699692
  n7: 0.0391262583
  n8: -0.33967641
  n9: -0.4112975
  n10: -0.0723377243
  n11: -0.316129833
  n12: -1.9999944
  n13: -1.60208774
  n14: 0.237842157
  ns: 0.0320316143
  o1: -0.305210292
  o2: -0.100741871
  o3: 0.149256557
  o4: -0.0849514
  o5: 0.607474804
  o6: -0.208905876
  o7: -0.0328991152
  o8: -0.294826061
  o9: -0.0726235211
  o10: 0.0886706263
  o11: 0.440477818
  o12: 0.375655442
  os: -0.651008368
  f: 0.452524215
  cl: 0.848641396
  br: 0.936726809
  i: 0.133875966
  hal: 0.969750583
  p: -0.703438818
  s1: 0.686928451
  s2: -0.201281503
  s3: 0.31817165
  me1: 0.379663885
  me2: 1.04118431
  zwit: 0.368738
  bias: -0.028828986
}
