c1: 0.1441
c2: 0.0000
c3: -0.2035
c4: -0.2051
c5: -0.2783
c6: 0.1551
c7: 0.00170
c8: 0.08452
c9: -0.1444
c10: -0.0516
c11: 0.1193
c12: -0.0967
c13: -0.5443
c14: 0.0000
c15: 0.2450
c16: 0.1980
c17: 0.000
c18: 0.1581
c19: 0.2955
c20: 0.2713
c21: 0.1360
c22: 0.4619
c23: 0.5437
c24: 0.1893
c25: -0.8186
c26: 0.2640
c27: 0.2148
cs: 0.08129
h1: 0.1230
h2: -0.2677
h3: 0.2142
h4: 0.2980
hs: 0.1125
n1: -1.0190
n2: -0.7096
n3: -1.0270
n4: -0.5188
n5: 0.08387
n6: 0.1836
n7: -0.3187
n8: -0.4458
n9: 0.01508
n10: -1.950
n11: -0.3239
n12: -1.119
n13: -0.3396
n14: 0.2887
ns: -0.4806
o1: 0.1552
o2: -0.2893
o3: -0.0684
o4: -0.4195
o5: 0.0335
o6: -0.3339
o7: -1.189
o8: 0.1788
o9: -0.1526
o10: 0.1129
o11: 0.4833
o12: -1.326
os: -0.1188
f: 0.4202
cl: 0.6895
br: 0.8456
i: 0.8857
hal: -2.996
p: 0.8612
s1: 0.6482
s2: -0.0024
s3: 0.6237
me1: -0.3808
me2: -0.0025
zwit: -0.5
otherwise_unclassified: 0.0
